1145.96	1144.313	1142.122	1128
1284.047	1274.909	1268.85	1288
1176.124	1177.253	1177.238	1151
1148.462	1148.398	1147.369	1143
1143.237	1139.239	1138.441	1118.5
1134.648	1136.149	1137.426	1135.5
1189.655	1194.926	1192.113	1145.5
1140.457	1135.066	1134.23	1115
1138.81	1137.818	1135.594	1137
1224.14		1236.388	1234.889	1223
1145.642	1141.888	1141.464	1126
1142.618	1138.884	1138.671	1133
1145.972	1144.93		1144.371	1138
1165.024	1165.63		1165.76		1161
1163.558	1162.594	1161.535	1149.5
1336.178	1332.783	1329.189	1368
1280.418	1270.715	1263.709	1274
1295.402	1296.461	1287.677	1309.5
1219.876	1211.562	1226.153	1194.3
1144.831	1143.796	1140.998	1135
1151.555	1146.183	1155.437	1156
1208.053	1201.312	1213.962	1191
1148.19		1149.08		1149.412	1139
1135.1		1134.325	1137.251	1138
1170.929	1170.275	1167.508	1128.3
1153.152	1153.822	1153.194	1152
1174.873	1173.192	1177.433	1167
1139.52		1143.085	1139.47		1136.4
1147.915	1149.08		1149.412	1149
1165.957	1168.44		1163.304	1166
1145.672	1146.556	1147.174	1133.6
1288.061	1282.021	1311.719	1326
1272.566	1281.891	1263.405	1248
